91 323 -0.040487508290011 1.100231558698455 -0.059744050408444 0.000000220578682
63 323 -0.044332998135893 1.100255371750197 -0.055922373614304 0.000000132742376
90 323 -0.040690209648777 1.100232772373225 -0.059542562724447 0.000000215712892
62 323 -0.044332215944649 1.100255366835544 -0.055923150890895 0.000000132758703
64 323 -0.044336057761963 1.100255390577449 -0.055919332815486 0.000000132676228
36 323 -0.044861033748813 1.100258527679423 -0.055397493930609 0.000000121342766
61 323 -0.044331948589539 1.100255364983108 -0.055923416393569 0.000000132764245
89 323 -0.040907228755724 1.100234080922318 -0.059326852166594 0.000000210533725
92 323 -0.040296779026470 1.100230424357045 -0.059933645330575 0.000000225183088
8 323 -0.049618625472254 1.100201250155136 -0.050582624682882 0.000000016253296
120 323 -0.040086007340476 1.100229127186372 -0.060143119845896 0.000000230306631
87 323 -0.041385112053981 1.100236993814787 -0.058851881760806 0.000000199240736
59 323 -0.044330127282187 1.100255353548093 -0.055925226265907 0.000000132803295
65 323 -0.044342050761523 1.100255427174653 -0.055913376413130 0.000000132546467
67 323 -0.044364664237678 1.100255565129778 -0.055890900892099 0.000000132054798
39 323 -0.044590858008591 1.100256935000960 -0.055666076992369 0.000000127164722
75 323 -0.044229623534984 1.100254749342171 -0.056025125807187 0.000000134982703
69 323 -0.044390810228777 1.100255724656720 -0.055864914427943 0.000000131485926
66 323 -0.044351937870838 1.100255487523534 -0.055903549652696 0.000000132331539
3 323 -0.049977988620560 1.100060194658370 -0.050082206037810 0.000000001693462
4 323 -0.049936375077882 1.100108866876174 -0.050172491798293 0.000000004549269
76 323 -0.044117416777852 1.100254062384292 -0.056136645606441 0.000000137429215
70 323 -0.044398313972010 1.100255770658820 -0.055857456686809 0.000000131322530
48 323 -0.044341374889213 1.100255422266368 -0.055914047377154 0.000000132559650
42 323 -0.044426107459180 1.100255941004815 -0.055829833545635 0.000000130727753
7 323 -0.049727562405359 1.100183170442742 -0.050455608037384 0.000000012836427
88 323 -0.041138850454986 1.100235487468987 -0.059096637014000 0.000000205041202
96 323 -0.039622915035899 1.100226479483286 -0.060603564447387 0.000000241654210
68 323 -0.044378381399086 1.100255648759712 -0.055877267360625 0.000000131756538
60 323 -0.044331680853807 1.100255363215377 -0.055923682361570 0.000000132769562
71 323 -0.044398183412371 1.100255770513657 -0.055857587101287 0.000000131324547
43 323 -0.044398584592586 1.100255773385638 -0.055857188793052 0.000000131322416
44 323 -0.044379546449825 1.100255656866813 -0.055876110416988 0.000000131734366
74 323 -0.044308328707505 1.100255228138165 -0.055946899430660 0.000000133271617
46 323 -0.044357371894545 1.100255520652794 -0.055898148758249 0.000000132213231
118 323 -0.038893464870430 1.100222290580172 -0.061328825709742 0.000000259858383
34 323 -0.045066516591250 1.100259703340054 -0.055193186748804 0.000000116935602
98 323 -0.039313727396668 1.100224703785191 -0.060910976388523 0.000000249318312
126 323 -0.046445718614718 1.100266178326668 -0.053820459711950 0.000000087666486
14 323 -0.048475593375664 1.100260034913012 -0.051784441537348 0.000000044437487
15 323 -0.048218576243007 1.100263441453169 -0.052044865210161 0.000000050096937
127 323 -0.047383238021389 1.100267597962394 -0.052884359941006 0.000000067929687
45 323 -0.044367217930422 1.100255581276732 -0.055888363346310 0.000000132000139
77 323 -0.043969689214390 1.100253151896196 -0.056283462681806 0.000000140660267
95 323 -0.039780969801905 1.100227395704266 -0.060446425902361 0.000000237762410
73 323 -0.044359232008114 1.100255536354775 -0.055896304346660 0.000000132166770
94 323 -0.039944920941563 1.100228352042241 -0.060283431100678 0.000000233743838
10 323 -0.049331372309093 1.100229533857809 -0.050898161548716 0.000000024202238
122 323 -0.041898341954354 1.100240104046508 -0.058341762092155 0.000000187280175
72 323 -0.044386990502498 1.100255703580069 -0.055868713077571 0.000000131565960
41 323 -0.044467019729682 1.100256189375097 -0.055789169645415 0.000000129842282
37 323 -0.044763360440253 1.100257957734704 -0.055494597294451 0.000000123443913
97 323 -0.039468455787225 1.100225589666442 -0.060757133879217 0.000000245474110
134 323 -0.049987935819066 1.100040915098191 -0.050052979279125 0.000000000922733
47 323 -0.044349195045084 1.100255470345349 -0.055906275300265 0.000000132390029
19 323 -0.047202147027369 1.100267700071760 -0.053065553044391 0.000000071808033
20 323 -0.046975201817990 1.100267514193605 -0.053292312375615 0.000000076588294
40 323 -0.044522411301192 1.100256524094724 -0.055734112793532 0.000000128643564
26 323 -0.045950716400685 1.100264251445136 -0.054313535044452 0.000000098151346
35 323 -0.044963030754605 1.100259115417174 -0.055296084662569 0.000000119152734
18 323 -0.047444010814941 1.100267563091699 -0.052823552276759 0.000000066698234
78 323 -0.043785164194573 1.100252006541586 -0.056466842347013 0.000000144713476
106 323 -0.038020229912003 1.100217516311415 -0.062197286399412 0.000000282157501
12 323 -0.048946534905499 1.100248620592078 -0.051302085686578 0.000000033680515
31 323 -0.045380785666724 1.100261429256209 -0.054880643589485 0.000000110228851
132 323 -0.049848154269063 1.100151366700692 -0.050303212431629 0.000000008465689
104 323 -0.038301759146905 1.100219047392174 -0.061917288245269 0.000000274904958
38 323 -0.044672681827006 1.100257422677649 -0.055584740850643 0.000000125397842
125 323 -0.045376207604262 1.100261359218410 -0.054885151614148 0.000000110276476
13 323 -0.048719843985594 1.100255184465365 -0.051535340479771 0.000000038937945
6 323 -0.049815593183032 1.100162099173304 -0.050346505990272 0.000000009762251
131 323 -0.049642397300130 1.100197583465596 -0.050555186165466 0.000000015485939
119 323 -0.039421733404593 1.100225278066931 -0.060803544662338 0.000000246641237
99 323 -0.039156029219549 1.100223806696365 -0.061067777476816 0.000000253254309
32 323 -0.045275224003248 1.100260860436667 -0.054985636433419 0.000000112477467
105 323 -0.038151210829516 1.100218226359510 -0.062067015529995 0.000000278776130
128 323 -0.048175595619745 1.100263836971754 -0.052088241352008 0.000000050983522
133 323 -0.049950778360249 1.100096847243761 -0.050146068883512 0.000000003709621
100 323 -0.038992971284820 1.100222885259962 -0.061229913975142 0.000000257343513
50 323 -0.044327383080854 1.100255336511974 -0.055927953431121 0.000000132863520
17 323 -0.047697328705462 1.100266945807845 -0.052569617102383 0.000000061319162
129 323 -0.048816002737763 1.100252625228860 -0.051436622491098 0.000000036683333
11 323 -0.049151052414186 1.100240135821814 -0.051089083407628 0.000000028755098
123 323 -0.043025495306016 1.100247178544892 -0.057221683238876 0.000000161585419
101 323 -0.038823077792059 1.100221931839255 -0.061398854047196 0.000000261625318
116 323 -0.038172457271375 1.100218321143837 -0.062045863872462 0.000000278231748
121 323 -0.040906014509734 1.100234013367989 -0.059327998858256 0.000000210570022
9 323 -0.049486991351460 1.100216635830203 -0.050729644478743 0.000000020037142
102 323 -0.038646171979960 1.100220945962238 -0.061574773982279 0.000000266108578
113 323 -0.037726510727078 1.100215932302029 -0.062489421574951 0.000000289786275
130 323 -0.049303752371174 1.100231282945777 -0.050927530574603 0.000000024869083
54 323 -0.044317214668525 1.100255274255724 -0.055938059587199 0.000000133084345
124 323 -0.044208695739682 1.100254572851743 -0.056045877112061 0.000000135419781
103 323 -0.038468315783527 1.100219961872315 -0.061751646088787 0.000000270641402
33 323 -0.045170532041076 1.100260285070681 -0.055089753029605 0.000000114711694
117 323 -0.038481715072063 1.100220008169888 -0.061738293097824 0.000000270303754
5 323 -0.049884651225268 1.100137552466717 -0.050252901241449 0.000000007003065
16 323 -0.047957429525009 1.100265650421096 -0.052308220896087 0.000000055751958
85 323 -0.041918585014781 1.100240291804399 -0.058321706789618 0.000000186813486
29 323 -0.045597135893330 1.100262554804063 -0.054665418910733 0.000000105632222
23 323 -0.046393182899282 1.100266035946236 -0.053872853046955 0.000000088828051
93 323 -0.040116343493346 1.100229358304238 -0.060113014810892 0.000000229562350
22 323 -0.046571011806342 1.100266612471655 -0.053695600665312 0.000000085087772
115 323 -0.037951898370910 1.100217132518414 -0.062265234147504 0.000000283930317
24 323 -0.046231135804320 1.100265434576556 -0.054034298772236 0.000000092239427
82 323 -0.042779126038945 1.100245686572467 -0.057466560533522 0.000000167146098
21 323 -0.046764879867224 1.100267124114433 -0.053502244247210 0.000000081011766
107 323 -0.037911190921378 1.100216928156015 -0.062305737234637 0.000000284982014
57 323 -0.044324509836982 1.100255318955400 -0.055930809118418 0.000000132925509
53 323 -0.044316938286630 1.100255272580979 -0.055938334294349 0.000000133090441
108 323 -0.037825962172917 1.100216470368587 -0.062390508195671 0.000000287194685
49 323 -0.044334062615001 1.100255377432794 -0.055921314817794 0.000000132718333
27 323 -0.045826389407242 1.100263677849100 -0.054437288441859 0.000000100777966
51 323 -0.044322005054421 1.100255303589697 -0.055933298535275 0.000000132980439
25 323 -0.046084935126956 1.100264838355568 -0.054179903228612 0.000000095319538
110 323 -0.037716410409415 1.100215883738451 -0.062499473329037 0.000000290045551
52 323 -0.044318437523847 1.100255281752822 -0.055936844228975 0.000000133057984
28 323 -0.045709485551131 1.100263115031226 -0.054553629480095 0.000000103251239
112 323 -0.037690091705771 1.100215740540800 -0.062525648835029 0.000000290735343
81 323 -0.043057423418107 1.100247440009587 -0.057190016591480 0.000000160883030
114 323 -0.037809094383152 1.100216370221604 -0.062407275838451 0.000000287636554
86 323 -0.041644902867673 1.100238594167701 -0.058593691300029 0.000000193165928
58 323 -0.044327533658455 1.100255337546358 -0.055927803887903 0.000000132859736
80 323 -0.043322301679293 1.100249107674107 -0.056926805994815 0.000000154963405
84 323 -0.042203862894635 1.100242072609953 -0.058038209715318 0.000000180241586
56 323 -0.044321569253535 1.100255300924829 -0.055933731671294 0.000000132989426
30 323 -0.045487851071415 1.100261993448746 -0.054774142377331 0.000000107952173
109 323 -0.037763048824327 1.100216133542852 -0.062453084718525 0.000000288829318
111 323 -0.037689532604850 1.100215739238401 -0.062526206633552 0.000000290748598
83 323 -0.042492578714336 1.100243883469470 -0.057751304755134 0.000000173643741
79 323 -0.043566889229762 1.100250642975184 -0.056683753745421 0.000000149532743
55 323 -0.044318995491060 1.100255285162093 -0.055936289671034 0.000000133045443
463 162 -0.051251411296157 1.100001070087003 -0.048749658790846 0.000000031801360
463 163 -0.051202789933740 1.100001696406729 -0.048798906472989 0.000000036585890
463 164 -0.051109695293147 1.100001798745074 -0.048892103451927 0.000000041667618
463 165 -0.051024614415485 1.100001181887762 -0.048976567472277 0.000000046923272
463 166 -0.051024643220522 1.100000071391079 -0.048975428170557 0.000000052614076
463 167 -0.051100894886370 1.099998831076720 -0.048897936190350 0.000000059260349
463 168 -0.051309503300344 1.099997682850251 -0.048688179549907 0.000000067879713
463 169 -0.051617270685611 1.099996693960091 -0.048379423274480 0.000000080062433
463 170 -0.052045647349522 1.099995540096167 -0.047949892746644 0.000000098372286
463 171 -0.052674264338144 1.099993405757194 -0.047319141419050 0.000000128193177
463 172 -0.053759538742172 1.099988425037180 -0.046228886295007 0.000000193688661
463 173 -0.055742758229879 1.055742758229880 -0.044297267967091 0.000000355574839
463 143 -0.052655339282107 1.100005180834609 -0.047349841552502 0.000000000953518
463 144 -0.052269395778180 1.100007357593021 -0.047737961814841 0.000000002121927
463 145 -0.051722582792004 1.100006189271960 -0.048283606479956 0.000000003252317
463 146 -0.051473282292259 1.100003447480561 -0.048530165188302 0.000000004351379
463 147 -0.051332088477989 1.100002186353569 -0.048670097875580 0.000000005516031
463 148 -0.051218373471575 1.100001863312368 -0.048783489840793 0.000000006752354
463 149 -0.051113516387484 1.100001853691718 -0.048888337304234 0.000000008049885
463 150 -0.050996763147714 1.100001909219731 -0.049005146072017 0.000000009372619
463 151 -0.050875075992511 1.100001871897133 -0.049126795904622 0.000000010673649
463 152 -0.050754889866034 1.100001726897046 -0.049246837031012 0.000000011916657
463 153 -0.050644636799609 1.100001440501812 -0.049356803702203 0.000000013075925
463 154 -0.050561107502234 1.100001080267335 -0.049439972765100 0.000000014157164
463 155 -0.050502496546100 1.100000685143299 -0.049498188597199 0.000000015183008
463 156 -0.050479514349855 1.099999959897575 -0.049520445547720 0.000000016182239
463 157 -0.050521485470027 1.099998533835816 -0.049477048365788 0.000000017235479
463 158 -0.050724991913548 1.099997380921544 -0.049272389007995 0.000000018676369
463 159 -0.050975561612435 1.099997702348410 -0.049022140735975 0.000000020854632
463 160 -0.051136267244488 1.099998793320140 -0.048862526075652 0.000000023794031
463 161 -0.051249770292147 1.099999998249316 -0.048750227957169 0.000000027477216
463 5 -0.023397907566846 1.076345639018813 -0.076345639018813 0.000000036832824
463 6 -0.035260114884937 1.100024428139528 -0.064764313254591 0.000000005465329
457 172 -0.053771394474526 1.100000000000006 -0.046228605525480 0.000000000000000
457 173 -0.055827772766156 1.055827772766156 -0.044172227233849 0.000000000000001
455 172 -0.053793442087854 1.100000000000000 -0.046206557912146 0.000000000000000
455 173 -0.055880177835748 1.055880177835748 -0.044119822164252 0.000000000000000
450 172 -0.053877744692082 1.100000000000000 -0.046122255307918 0.000000000000000
450 173 -0.055843246035923 1.055843246035923 -0.044156753964077 0.000000000000000
449 172 -0.054323672094908 1.100000000000000 -0.045676327905092 0.000000000000000
449 173 -0.056118103695449 1.056118103695450 -0.043881896304550 0.000000000000000
451 172 -0.053799141642020 1.100000000000000 -0.046200858357980 0.000000000000000
451 173 -0.055859702259864 1.055859702259864 -0.044140297740136 0.000000000000000
456 172 -0.053795648012345 1.100000000000000 -0.046204351987655 0.000000000000000
456 173 -0.055886601234754 1.055886601234754 -0.044113398765246 0.000000000000000
447 172 -0.058115033571178 1.058115033571179 -0.041884966428821 0.000000000000000
452 172 -0.053757345311298 1.100000000000000 -0.046242654688702 0.000000000000000
452 173 -0.055742061693215 1.055742061693215 -0.044257938306785 0.000000000000000
446 172 -0.073321433865572 1.073321433865572 -0.026678566134428 0.000000000000000
459 172 -0.053745026488778 1.100000000008210 -0.046254973519432 0.000000000000082
459 173 -0.055720453237923 1.055720453237923 -0.044279546770138 0.000000000000284
462 172 -0.053838170642830 1.099999717303487 -0.046161546660658 0.000000000871345
462 173 -0.055933645484569 1.055933645484569 -0.044064083598056 0.000000003054460
461 172 -0.053831365904881 1.100000000905103 -0.046168635000223 0.000000000039415
461 173 -0.055925051680351 1.055925051680351 -0.044074927893326 0.000000000137612
460 172 -0.053790819295913 1.100000000214362 -0.046209180918450 0.000000000001794
460 173 -0.055847796657342 1.055847796657342 -0.044152203412008 0.000000000006269
448 172 -0.055773095884615 1.100000000000000 -0.044226904115385 0.000000000000000
448 173 -0.070779612349959 1.070779612349959 -0.029220387650041 0.000000000000000
454 172 -0.053768842854902 1.100000000000000 -0.046231157145098 0.000000000000000
454 173 -0.055821616354327 1.055821616354327 -0.044178383645673 0.000000000000000
458 172 -0.053739086024366 1.100000000000239 -0.046260913975872 0.000000000000004
458 173 -0.055715732047418 1.055715732047419 -0.044284267952810 0.000000000000013
453 172 -0.053744274483247 1.100000000000000 -0.046255725516753 0.000000000000000
453 173 -0.055725770438065 1.055725770438065 -0.044274229561935 0.000000000000000
463 172 -0.053759538742172 1.099988425037180 -0.046228886295007 0.000000193688661
463 173 -0.055742758229879 1.055742758229880 -0.044297267967091 0.000000355574839
463 143 -0.052655339282107 1.100005180834609 -0.047349841552502 0.000000000953518
463 144 -0.052269395778180 1.100007357593021 -0.047737961814841 0.000000002121927
463 145 -0.051722582792004 1.100006189271960 -0.048283606479956 0.000000003252317
463 146 -0.051473282292259 1.100003447480561 -0.048530165188302 0.000000004351379
463 147 -0.051332088477989 1.100002186353569 -0.048670097875580 0.000000005516031
463 148 -0.051218373471575 1.100001863312368 -0.048783489840793 0.000000006752354
463 149 -0.051113516387484 1.100001853691718 -0.048888337304234 0.000000008049885
463 150 -0.050996763147714 1.100001909219731 -0.049005146072017 0.000000009372619
463 151 -0.050875075992511 1.100001871897133 -0.049126795904622 0.000000010673649
463 152 -0.050754889866034 1.100001726897046 -0.049246837031012 0.000000011916657
463 153 -0.050644636799609 1.100001440501812 -0.049356803702203 0.000000013075925
463 154 -0.050561107502234 1.100001080267335 -0.049439972765100 0.000000014157164
463 155 -0.050502496546100 1.100000685143299 -0.049498188597199 0.000000015183008
463 156 -0.050479514349855 1.099999959897575 -0.049520445547720 0.000000016182239
463 157 -0.050521485470027 1.099998533835816 -0.049477048365788 0.000000017235479
463 158 -0.050724991913548 1.099997380921544 -0.049272389007995 0.000000018676369
463 159 -0.050975561612435 1.099997702348410 -0.049022140735975 0.000000020854632
463 160 -0.051136267244488 1.099998793320140 -0.048862526075652 0.000000023794031
463 161 -0.051249770292147 1.099999998249316 -0.048750227957169 0.000000027477216
463 5 -0.023397907566846 1.076345639018813 -0.076345639018813 0.000000036832824
463 6 -0.035260114884937 1.100024428139528 -0.064764313254591 0.000000005465329
457 172 -0.053771394474526 1.100000000000006 -0.046228605525480 0.000000000000000
457 173 -0.055827772766156 1.055827772766156 -0.044172227233849 0.000000000000001
455 172 -0.053793442087854 1.100000000000000 -0.046206557912146 0.000000000000000
455 173 -0.055880177835748 1.055880177835748 -0.044119822164252 0.000000000000000
450 172 -0.053877744692082 1.100000000000000 -0.046122255307918 0.000000000000000
450 173 -0.055843246035923 1.055843246035923 -0.044156753964077 0.000000000000000
449 172 -0.054323672094908 1.100000000000000 -0.045676327905092 0.000000000000000
449 173 -0.056118103695449 1.056118103695450 -0.043881896304550 0.000000000000000
451 172 -0.053799141642020 1.100000000000000 -0.046200858357980 0.000000000000000
451 173 -0.055859702259864 1.055859702259864 -0.044140297740136 0.000000000000000
456 172 -0.053795648012345 1.100000000000000 -0.046204351987655 0.000000000000000
456 173 -0.055886601234754 1.055886601234754 -0.044113398765246 0.000000000000000
447 172 -0.058115033571178 1.058115033571179 -0.041884966428821 0.000000000000000
452 172 -0.053757345311298 1.100000000000000 -0.046242654688702 0.000000000000000
452 173 -0.055742061693215 1.055742061693215 -0.044257938306785 0.000000000000000
446 172 -0.073321433865572 1.073321433865572 -0.026678566134428 0.000000000000000
459 172 -0.053745026488778 1.100000000008210 -0.046254973519432 0.000000000000082
459 173 -0.055720453237923 1.055720453237923 -0.044279546770138 0.000000000000284
462 172 -0.053838170642830 1.099999717303487 -0.046161546660658 0.000000000871345
462 173 -0.055933645484569 1.055933645484569 -0.044064083598056 0.000000003054460
461 172 -0.053831365904881 1.100000000905103 -0.046168635000223 0.000000000039415
461 173 -0.055925051680351 1.055925051680351 -0.044074927893326 0.000000000137612
460 172 -0.053790819295913 1.100000000214362 -0.046209180918450 0.000000000001794
460 173 -0.055847796657342 1.055847796657342 -0.044152203412008 0.000000000006269
448 172 -0.055773095884615 1.100000000000000 -0.044226904115385 0.000000000000000
448 173 -0.070779612349959 1.070779612349959 -0.029220387650041 0.000000000000000
454 172 -0.053768842854902 1.100000000000000 -0.046231157145098 0.000000000000000
454 173 -0.055821616354327 1.055821616354327 -0.044178383645673 0.000000000000000
458 172 -0.053739086024366 1.100000000000239 -0.046260913975872 0.000000000000004
458 173 -0.055715732047418 1.055715732047419 -0.044284267952810 0.000000000000013
453 172 -0.053744274483247 1.100000000000000 -0.046255725516753 0.000000000000000
453 173 -0.055725770438065 1.055725770438065 -0.044274229561935 0.000000000000000
