 3             324          -0.04997798862056            1.10006019465837           -5.00822060378101E-02        1.69346215617502E-09        
 4             324          -4.99363750778818E-02        1.10010886687617           -5.01724917982926E-02        4.54926852082362E-09        
 5             324          -4.98846512252682E-02        1.10013755246672           -5.02529012414492E-02        7.0030652493322E-09         
 6             324          -0.049815593183032           1.1001620991733            -5.03465059902724E-02        9.76225063569413E-09        
 7             324          -4.97275624053586E-02        1.10018317044274           -5.04556080373837E-02        1.28364274261695E-08        
 8             324          -4.96186254722538E-02        1.10020125015514           -5.05826246828823E-02        1.62532963855317E-08        
 9             324          -4.94869913514601E-02        1.1002166358302            -5.07296444787427E-02        2.00371424678606E-08        
 10            324          -4.93313723090933E-02        1.10022953385781           -5.08981615487155E-02        2.42022376070367E-08        
 11            324          -4.91510524141861E-02        1.10024013582181           -5.10890834076279E-02        2.87550983340537E-08        
 12            324          -4.89465349054995E-02        1.10024862059208           -5.13020856865785E-02        3.36805145479327E-08        
 13            324          -4.87198439855939E-02        1.10025518446536           -5.15353404797706E-02        3.89379454982414E-08        
 14            324          -4.84755933756639E-02        1.10026003491301           -5.17844415373482E-02        4.44374868175372E-08        
 15            324          -4.82185762430073E-02        1.10026344145317           -5.20448652101614E-02        5.00969369980264E-08        
 16            324          -4.79574295250095E-02        1.1002656504211            -5.23082208960869E-02        5.5751958214066E-08         
 17            324          -4.76973287054623E-02        1.10026694580785           -0.052569617102383           6.13191619950546E-08        
 18            324          -4.74440108149406E-02        1.1002675630917            -5.28235522767585E-02        6.66982338265851E-08        
 19            324          -4.72021470273692E-02        1.10026770007176           -5.30655530443912E-02        7.18080333656046E-08        
 20            324          -4.69752018179898E-02        1.10026751419361           -5.32923123756154E-02        7.65882935658131E-08        
 21            324          -4.67648798672236E-02        1.10026712411443           -5.35022442472096E-02        8.10117655715108E-08        
 22            324          -4.65710118063423E-02        1.10026661247165           -5.36956006653123E-02        8.50877715840363E-08        
 23            324          -4.63931828992817E-02        1.10026603594624           -5.38728530469547E-02        8.88280512447748E-08        
 24            324          -4.62311358043198E-02        1.10026543457656           -5.40342987722364E-02        9.22394271162153E-08        
 25            324          -4.60849351269556E-02        1.10026483835557           -5.41799032286125E-02        9.53195380413349E-08        
 26            324          -4.59507164006846E-02        1.10026425144514           -5.43135350444519E-02        9.81513464222029E-08        
 27            324          -4.58263894072415E-02        1.1002636778491            -5.44372884418587E-02        1.00777966040873E-07        
 28            324          -4.57094855511313E-02        1.10026311503123           -5.45536294800946E-02        1.03251238828799E-07        
 29            324          -4.55971358933302E-02        1.10026255480406           -0.054665418910733           1.0563222240571E-07         
 30            324          -4.54878510714146E-02        1.10026199344875           -5.47741423773309E-02        1.07952173206058E-07        
 31            324          -4.53807856667238E-02        1.10026142925621           -5.48806435894846E-02        1.10228850653176E-07        
 32            324          -0.045275224003248           1.10026086043667           -5.49856364334189E-02        1.12477467258483E-07        
 33            324          -4.51705320410761E-02        1.10026028507068           -0.055089753029605           1.14711693572008E-07        
 34            324          -0.04506651659125            1.10025970334005           -5.51931867488038E-02        1.16935601863234E-07        
 35            324          -0.044963030754605           1.10025911541717           -5.52960846625689E-02        1.19152733608238E-07        
 36            324          -4.48610337488135E-02        1.10025852767942           -5.53974939306093E-02        1.2134276622184E-07         
 37            324          -4.47633604402526E-02        1.1002579577347            -0.055494597294451           1.23443912813046E-07        
 38            324          -4.46726818270058E-02        1.10025742267765           -5.55847408506428E-02        1.25397842227002E-07        
 39            324          -4.45908580085913E-02        1.10025693500096           -5.56660769923686E-02        1.27164722475321E-07        
 40            324          -4.45224113011917E-02        1.10025652409472           -5.57341127935324E-02        1.28643564390055E-07        
 41            324          -4.44670197296822E-02        1.1002561893751            -5.57891696454148E-02        1.29842282088413E-07        
 42            324          -4.44261074591798E-02        1.10025594100481           -5.58298335456351E-02        1.30727753433786E-07        
 43            324          -4.43985845925862E-02        1.10025577338564           -5.58571887930517E-02        1.31322416040563E-07        
 44            324          -4.43795464498254E-02        1.10025565686681           -5.58761104169877E-02        1.31734365753122E-07        
 45            324          -4.43672179304219E-02        1.10025558127673           -5.58883633463098E-02        1.32000139132828E-07        
 46            324          -4.43573718945449E-02        1.10025552065279           -5.58981487582493E-02        1.32213231441355E-07        
 47            324          -4.43491950450841E-02        1.10025547034535           -5.59062753002646E-02        1.3239002908759E-07         
 48            324          -4.43413748892133E-02        1.10025542226637           -5.59140473771544E-02        1.32559649673111E-07        
 49            324          -4.43340626150008E-02        1.10025537743279           -5.59213148177935E-02        1.32718332930578E-07        
 50            324          -4.43273830808535E-02        1.10025533651197           -5.59279534311207E-02        1.32863520012994E-07        
 51            324          -4.43220050544215E-02        1.1002553035897            -5.59332985352754E-02        1.32980438640112E-07        
 52            324          -4.43184375238472E-02        1.10025528175282           -5.59368442289746E-02        1.33057983731376E-07        
 53            324          -4.43169382866298E-02        1.10025527258098           -5.59383342943493E-02        1.33090441371778E-07        
 54            324          -4.43172146685249E-02        1.10025527425572           -5.59380595871988E-02        1.33084345315822E-07        
 55            324          -4.43189954910599E-02        1.10025528516209           -5.59362896710337E-02        1.33045442876193E-07        
 56            324          -4.43215692535347E-02        1.10025530092483           -5.59337316712942E-02        1.32989426016643E-07        
 57            324          -4.43245098369819E-02        1.1002553189554            -5.59308091184176E-02        1.32925508611976E-07        
 58            324          -4.43275336584551E-02        1.10025533754636           -0.055927803887903           1.32859736143612E-07        
 59            324          -4.43301272821866E-02        1.10025535354809           -5.59252262659068E-02        1.32803294950999E-07        
 60            324          -4.43316808538071E-02        1.10025536321538           -5.59236823615702E-02        1.32769562301736E-07        
 61            324          -0.044331948589539           1.10025536498311           -5.59234163935686E-02        1.3276424535232E-07         
 62            324          -4.43322159446494E-02        1.10025536683554           -5.59231508908948E-02        1.32758702850263E-07        
 63            324          -4.43329981358926E-02        1.1002553717502            -5.59223736143041E-02        1.3274237605137E-07         
 64            324          -4.43360577619629E-02        1.10025539057745           -5.59193328154862E-02        1.32676227976979E-07        
 65            324          -4.43420507615227E-02        1.10025542717465           -5.59133764131304E-02        1.32546467252269E-07        
 66            324          -4.43519378708376E-02        1.10025548752353           -5.59035496526962E-02        1.32331538823488E-07        
 67            324          -4.43646642376782E-02        1.10025556512978           -5.58909008920995E-02        1.32054797732952E-07        
 68            324          -4.43783813990865E-02        1.10025564875971           -5.58772673606252E-02        1.3175653759378E-07         
 69            324          -0.044390810228777           1.10025572465672           -5.58649144279429E-02        1.31485926184462E-07        
 70            324          -4.43983139720102E-02        1.10025577065882           -5.58574566868094E-02        1.31322529615096E-07        
 71            324          -4.43981834123708E-02        1.10025577051366           -5.58575871012866E-02        1.31324546991304E-07        
 72            324          -4.43869905024985E-02        1.10025570358007           -5.58687130775708E-02        1.31565960484442E-07        
 73            324          -4.43592320081144E-02        1.10025553635477           -5.58963043466604E-02        1.32166769725656E-07        
 74            324          -0.044308328707505           1.10025522813817           -5.59468994306603E-02        1.33271617062232E-07        
 75            324          -4.42296235349843E-02        1.10025474934217           -5.60251258071869E-02        1.34982702639758E-07        
 76            324          -4.41174167778516E-02        1.10025406238429           -5.61366456064407E-02        1.37429215184954E-07        
 77            324          -4.39696892143896E-02        1.1002531518962            -5.62834626818061E-02        1.40660266591736E-07        
 78            324          -4.37851641945726E-02        1.10025200654159           -5.64668423470129E-02        1.44713476436692E-07        
 79            324          -4.35668892297623E-02        1.10025064297518           -5.66837537454214E-02        1.49532743267057E-07        
 80            324          -4.33223016792926E-02        1.10024910767411           -5.69268059948148E-02        1.5496340532098E-07         
 81            324          -4.30574234181072E-02        1.10024744000959           -5.71900165914795E-02        1.60883029673796E-07        
 82            324          -4.27791260389446E-02        1.10024568657247           -5.74665605335221E-02        1.67146098240726E-07        
 83            324          -4.24925787143359E-02        1.10024388346947           -5.77513047551338E-02        1.73643740692995E-07        
 84            324          -4.22038628946353E-02        1.10024207260995           -5.80382097153179E-02        1.80241585887401E-07        
 85            324          -4.19185850147814E-02        1.1002402918044            -5.83217067896176E-02        1.8681348615709E-07         
 86            324          -4.16449028676725E-02        1.1002385941677            -5.85936913000285E-02        1.93165927874303E-07        
 87            324          -0.041385112053981           1.10023699381479           -5.88518817608064E-02        1.99240735684221E-07        
 88            324          -4.11388504549864E-02        1.10023548746899           -5.90966370140004E-02        2.05041202374822E-07        
 89            324          -0.040907228755724           1.10023408092232           -5.93268521665939E-02        2.10533724903691E-07        
 90            324          -4.06902096487773E-02        1.10023277237322           -5.95425627244472E-02        2.15712891837831E-07        
 91            324          -0.040487508290011           1.10023155869846           -5.97440504084444E-02        2.20578681532917E-07        
 92            324          -4.02967790264702E-02        1.10023042435704           -5.99336453305748E-02        2.25183087662055E-07        
 93            324          -4.01163434933457E-02        1.10022935830424           -6.01130148108924E-02        2.29562349524787E-07        
 94            324          -3.99449209415633E-02        1.10022835204224           -6.02834311006775E-02        2.33743838065743E-07        
 95            324          -3.97809698019048E-02        1.10022739570427           -6.04464259023609E-02        2.37762410094662E-07        
 96            324          -3.96229150358991E-02        1.10022647948329           -6.06035644473868E-02        2.41654210262238E-07        
 97            324          -3.94684557872248E-02        1.10022558966644           -0.060757133879217           2.45474109899443E-07        
 98            324          -3.93137273966676E-02        1.10022470378519           -0.060910976388523           2.49318311634074E-07        
 99            324          -0.039156029219549           1.10022380669637           -6.10677774768165E-02        2.53254309038359E-07        
 100           324          -3.89929712848205E-02        1.10022288525996           -6.12299139751417E-02        2.57343512528043E-07        
 101           324          -0.038823077792059           1.10022193183926           -6.13988540471965E-02        2.61625317625903E-07        
 102           324          -3.86461719799597E-02        1.10022094596224           -6.15747739822786E-02        2.66108577826904E-07        
 103           324          -3.84683157835273E-02        1.10021996187231           -6.17516460887872E-02        2.70641401765988E-07        
 104           324          -3.83017591469054E-02        1.10021904739217           -6.19172882452686E-02        2.74904958243585E-07        
 105           324          -3.81512108295155E-02        1.10021822635951           -6.20670155299945E-02        2.78776130482264E-07        
 106           324          -3.80202299120025E-02        1.10021751631141           -6.21972863994125E-02        2.82157500926113E-07        
 107           324          -3.79111909213779E-02        1.10021692815601           -6.23057372346369E-02        2.8498201355486E-07         
 108           324          -0.037825962172917           1.10021647036859           -6.23905081956706E-02        2.8719468511067E-07         
 109           324          -3.77630488243272E-02        1.10021613354285           -6.24530847185253E-02        2.88829317683508E-07        
 110           324          -3.77164104094146E-02        1.10021588373845           -6.24994733290366E-02        2.90045551000709E-07        
 111           324          -3.76895326048497E-02        1.1002157392384            -6.25262066335515E-02        2.90748597685088E-07        
 112           324          -3.76900917057706E-02        1.1002157405408            -6.25256488350291E-02        2.90735342895752E-07        
 113           324          -3.77265107270784E-02        1.10021593230203           -0.062489421574951           2.89786275246821E-07        
 114           324          -3.78090943831523E-02        1.1002163702216            -6.24072758384513E-02        2.87636553881455E-07        
 115           324          -3.79518983709101E-02        1.10021713251841           -6.22652341475042E-02        2.83930316936693E-07        
 116           324          -3.81724572713754E-02        1.10021832114384           -6.20458638724618E-02        2.78231748197829E-07        
 117           324          -3.84817150720634E-02        1.10022000816989           -6.17382930978241E-02        2.70303753540997E-07        
 118           324          -3.88934648704299E-02        1.10022229058017           -0.061328825709742           2.59858382709802E-07        
 119           324          -3.94217334045929E-02        1.10022527806693           -6.08035446623377E-02        2.46641236917415E-07        
 120           324          -4.00860073404759E-02        1.10022912718637           -6.01431198458959E-02        2.30306630809284E-07        
 121           324          -4.09060145097337E-02        1.10023401336799           -5.93279988582557E-02        2.10570021907573E-07        
 122           324          -4.18983419543537E-02        1.10024010404651           -5.83417620921545E-02        1.87280174868104E-07        
 123           324          -4.30254953060157E-02        1.10024717854489           -5.72216832388758E-02        1.61585418572768E-07        
 124           324          -4.42086957396816E-02        1.10025457285174           -5.60458771120615E-02        1.35419780679669E-07        
 125           324          -4.53762076042623E-02        1.10026135921841           -5.48851516141476E-02        1.10276475935951E-07        
 126           324          -4.64457186147182E-02        1.10026617832667           -0.05382045971195            8.76664860078151E-08        
 127           324          -4.73832380213886E-02        1.10026759796239           -5.28843599410059E-02        6.79296873196358E-08        
 128           324          -4.81755956197454E-02        1.10026383697175           -5.20882413520085E-02        5.09835215225775E-08        
 129           324          -4.88160027377628E-02        1.10025262522886           -5.14366224910976E-02        3.66833325588736E-08        
 130           324          -4.93037523711739E-02        1.10023128294578           -5.09275305746033E-02        2.48690832239179E-08        
 131           324          -4.96423973001304E-02        1.1001975834656            -5.05551861654656E-02        1.54859386208284E-08        
 132           324          -4.98481542690631E-02        1.10015136670069           -5.03032124316287E-02        8.4656893812678E-09         
 133           324          -0.049950778360249           1.10009684724376           -5.01460688835123E-02        3.70962057500948E-09        
 134           324          -4.99879358190658E-02        1.10004091509819           -5.00529792791254E-02        9.2273251540037E-10         
 446           172          -7.33214338655722E-02        1.1          -2.66785661344278E-02        4.30013985589713E-31         
 447           172          -5.81150335711785E-02        1.1          -4.18849664288215E-02        7.18326727463745E-30         
 448           172          -5.57730958846154E-02        1.1          -4.42269041153846E-02        1.50948901467001E-28         
 448           173          -7.07796123499586E-02        1.1          -2.92203876500415E-02        6.87982819630955E-28         
 449           172          -5.43236720949084E-02        1.1          -4.56763279050916E-02        3.18606405196773E-27         
 449           173          -5.61181036954495E-02        1.1          -4.38818963045505E-02        1.12938617968663E-26         
 450           172          -5.38777446920821E-02        1.1          -4.61222553079179E-02        6.88470555490484E-26         
 450           173          -5.58432460359226E-02        1.1          -4.41567539640774E-02        2.41030434888774E-25         
 451           172          -5.37991416420199E-02        1.1          -4.62008583579801E-02        1.50550202046374E-24         
 451           173          -5.58597022598636E-02        1.1          -4.41402977401364E-02        5.25622658471581E-24         
 452           172          -5.37573453112978E-02        1.1          -4.62426546887022E-02        3.29827249144355E-23         
 452           173          -0.055742061693215           1.1          -0.044257938306785           1.15304904596378E-22         
 453           172          -5.37442744832472E-02        1.1          -4.62557255167528E-02        7.22814113478844E-22         
 453           173          -5.57257704380653E-02        1.1          -4.42742295619347E-02        2.51609839794754E-21         
 454           172          -5.37688428549018E-02        1.1          -4.62311571450982E-02        1.5890824874284E-20          
 454           173          -5.58216163543267E-02        1.1          -4.41783836456734E-02        5.55221359145553E-20         
 455           172          -5.37934420878539E-02        1.1          -4.62065579121461E-02        3.4942973678894E-19          
 455           173          -5.58801778357482E-02        1.1          -4.41198221642518E-02        1.21908460324341E-18         
 456           172          -5.37956480123452E-02        1.1          -4.62043519876549E-02        7.69023171884429E-18         
 456           173          -5.58866012347539E-02        1.1          -4.41133987652462E-02        2.69126628487701E-17         
 457           172          -5.37713944745262E-02        1.10000000000001           -4.62286055254799E-02        1.68970849910156E-16         
 457           173          -0.055827772766156           1.10000000000001           -4.41722272338492E-02        5.89602691531615E-16         
 458           172          -5.37390860243661E-02        1.10000000000024           -4.62609139758724E-02        3.71364827003792E-15         
 458           173          -5.57157320474185E-02        1.10000000000023           -4.42842679528098E-02        1.2975874283001E-14          
 459           172          -5.37450264887778E-02        1.10000000000821           -0.046254973519432           8.15470836419264E-14         
 459           173          -5.57204532379232E-02        1.10000000000806           -4.42795467701383E-02        2.83783974375328E-13         
 460           172          -5.37908192959129E-02        1.10000000021436           -4.62091809184497E-02        1.79357612687689E-12         
 460           173          -5.58477966573418E-02        1.10000000006935           -4.41522034120081E-02        6.26844512276782E-12         
 461           172          -5.38313659048807E-02        1.1000000009051            -4.61686350002228E-02        3.94141744220243E-11         
 461           173          -5.59250516803508E-02        1.09999997957368           -4.40749278933255E-02        1.37608890592555E-10         
 462           172          -5.38381706428296E-02        1.09999971730349           -4.61615466606578E-02        8.71332205351816E-10         
 462           173          -5.59336454845692E-02        1.09999772908263           -4.40640835980563E-02        3.05440541669376E-09         
 463           5            -2.33979075668457E-02        1.09974354658566           -7.63456390188135E-02        3.68328240311013E-08         
 463           6            -3.52601148849373E-02        1.10002442813953           -6.47643132545909E-02        5.46532947320789E-09         
 463           143          -5.26553392821074E-02        1.10000518083461           -4.73498415525019E-02        9.53518057276488E-10         
 463           144          -5.22693957781801E-02        1.10000735759302           -4.77379618148412E-02        2.12192676885924E-09         
 463           145          -5.17225827920038E-02        1.10000618927196           -0.048283606479956           3.25231722860985E-09         
 463           146          -5.14732822922594E-02        1.10000344748056           -4.85301651883017E-02        4.35137887271377E-09         
 463           147          -5.13320884779885E-02        1.10000218635357           -4.86700978755804E-02        5.516031042599E-09           
 463           148          -0.051218373471575           1.10000186331237           -4.87834898407929E-02        6.75235436178978E-09         
 463           149          -5.11135163874841E-02        1.10000185369172           -4.88883373042344E-02        8.04988474392206E-09         
 463           150          -5.09967631477139E-02        1.10000190921973           -0.049005146072017           9.37261900835268E-09         
 463           151          -5.08750759925114E-02        1.10000187189713           -4.91267959046218E-02        1.06736491758342E-08         
 463           152          -5.07548898660344E-02        1.10000172689705           -4.92468370310118E-02        1.19166567243254E-08         
 463           153          -5.06446367996092E-02        1.10000144050181           -4.93568037022033E-02        1.30759245474079E-08         
 463           154          -5.05611075022341E-02        1.10000108026733           -4.94399727651004E-02        1.41571644955108E-08         
 463           155          -0.0505024965461             1.1000006851433            -4.94981885971988E-02        1.51830077909139E-08         
 463           156          -5.04795143498551E-02        1.09999995989758           -4.95204455477203E-02        1.61822389669162E-08         
 463           157          -5.05214854700275E-02        1.09999853383582           -4.94770483657883E-02        1.72354787578941E-08         
 463           158          -5.07249919135482E-02        1.09999738092154           -4.92723890079953E-02        1.86763689226648E-08         
 463           159          -5.09755616124348E-02        1.09999770234841           -4.90221407359749E-02        2.08546319172748E-08         
 463           160          -5.11362672444881E-02        1.09999879332014           -4.88625260756524E-02        2.37940308862511E-08         
 463           161          -5.12497702921471E-02        1.09999999824932           -4.87502279571689E-02        2.74772164360477E-08         
 463           162          -0.051251411296157           1.100001070087             -0.048749658790846           3.18013595493402E-08         
 463           163          -5.12027899337397E-02        1.10000169640673           -4.87989064729887E-02        3.65858898932638E-08         
 463           164          -5.11096952931466E-02        1.10000179874507           -4.88921034519272E-02        4.16676181168894E-08         
 463           165          -5.10246144154854E-02        1.10000118188776           -4.89765674722768E-02        4.69232716690125E-08         
 463           166          -5.10246432205222E-02        1.10000007139108           -4.89754281705565E-02        5.26140761452683E-08         
 463           167          -5.11008948863704E-02        1.09999883107672           -4.88979361903498E-02        5.92603491165978E-08         
 463           168          -5.13095033003436E-02        1.09999768285025           -4.86881795499075E-02        6.78797128286954E-08         
 463           169          -5.16172706856109E-02        1.09999669396009           -4.83794232744797E-02        8.00624333728261E-08         
 463           170          -5.20456473495223E-02        1.09999554009617           -4.79498927466444E-02        9.83722859691078E-08         
 463           171          -5.26742643381444E-02        1.09999340575719           -4.73191414190495E-02        1.28193176958719E-07         
 463           172          -5.37595387421723E-02        1.09998842503718           -4.62288862950074E-02        1.924467978601E-07           
 463           173          -5.57427582298793E-02        1.10004002619697           -4.42972679670909E-02        3.50755654595874E-07